#-----------------------------------------------#
# 24 characters for name | pfx |  LAT  |   LON  |
#-----------------------------------------------#
CSU_METEC                 99901  40.596 -105.136 
GJT_Sondei                99902  39.110 -105.530
K0CO                      88801  39.790 -105.770
K1AW                      88802  41.330 -104.270
K1CW                      88804  41.590 -103.670
K1EW                      88806  41.120 -103.980
K1FW                      88807  41.370 -103.480
K1LW                      88810  40.920 -103.700
K1MW                      88811  40.700 -103.480
K1NW                      88812  40.630 -103.830
K20V                      88814  40.040 -106.370
K33V                      88815  40.750 -106.260
KAKO                      88817  40.170 -103.220
KAPA                      88818  39.570 -104.850
KASE                      88819  39.220 -106.870
KBDU                      88820  40.030 -105.230
KBFF                      88821  41.870 -103.600
KBJC                      88822  39.920 -105.120
KBKF                      88823  39.720 -104.750
KCCU                      88824  39.470 -106.150
KCFO                      88825  39.790 -104.540
KCYS                      88826  41.150 -104.820
KDEN                      88827  39.860 -104.670
KEGE                      88828  39.650 -106.920
KEIK                      88829  40.020 -105.050
KFEW                      88830  41.150 -104.870
KFMM                      88831  40.330 -103.800
KFNL                      88832  40.450 -105.020
KGNB                      88833  40.080 -105.910
KGXY                      88834  40.430 -104.630
KIBM                      88835  41.190 -103.680
KLAR                      88836  41.320 -105.670
KLIC                      88837  39.270 -103.670
KLMO                      88838  40.150 -105.160
KLXV                      88839  39.220 -106.320
KMNH                      88840  39.220 -104.630
KSAA                      88841  41.440 -106.830
KSBS                      88842  40.520 -106.870
KSTK                      88843  40.610 -103.260
KTOR                      88844  42.060 -104.150
